((("$_table" .
   [1 0 0 0 0 0 0])
  ("prote" .
   [1 0 0 0 0])
  ("DbAccessorClient" .
   [0 0 0 0 0 0 0 0 0 0 0 0 0 0 0 1])
  ("extends" .
   [1 0 0 0 0 0 0])
  ("QuestMstModel" .
   [1 0 0 0 0 0 0 0 0 0 0 0 0])
  ("class" .
   [1 0 0 0 0])
  ("DbAccess" .
   [0 0 0 0 0 0 0 1])
  ("database" .
   [0 0 0 0 0 0 0 1])
  ("framework" .
   [1 0 0 0 0 0 0 0 0])
  ("pokela" .
   [1 0 0 0 0 0])
  ("DbA" .
   [1 0 0])
  ("base" .
   [1 0 0 0])
  ("model" .
   [2 0 0 0 0])
  ("use" .
   [2 0 0])
  ("yaml_config" .
   [1 0 0 0 0 0 0 0 0 0 0])
  ("s" .
   [1])
  ("console" .
   [1 0 0 0 0 0 0])
  ("hoge" .
   [2 0 0 0])
  ("serverConfig" .
   [2 0 0 0 0 0 0 0 0 0 0 1])
  ("exports" .
   [0 0 0 0 1 0 0])
  ("module" .
   [0 0 0 1 0 0])
  ("log" .
   [4 0 0])
  ("require" .
   [0 0 0 0 0 0 1])
  ("yaml" .
   [2 0 0 0])
  ("var" .
   [2 0 0])
  ("2" .
   [2])
  ("480px" .
   [1 0 0 0 0])
  ("160px" .
   [0 0 0 1 0])
  ("right" .
   [1 0 0 0 0])
  ("255" .
   [3 0 0])
  ("padding" .
   [1 0 0 0 0 0 0])
  ("auto" .
   [1 0 0 0])
  ("0" .
   [3])
  ("60px" .
   [2 0 0 0])
  ("10px" .
   [1 0 0 0])
  ("ConfigR" .
   [1 0 0 0 0 0 0])
  ("laod" .
   [1 0 0 0])
  ("dig" .
   [8 0 0])
  ("load" .
   [6 0 0 0])
  ("$game_config" .
   [7 0 0 0 0 0 0 0 0 0 0 0])
  ("GameConfigq" .
   [1 0 0 0 0 0 0 0 0 0 0])
  ("GameConfig" .
   [1 0 0 0 0 0 0 0 0 0])
  ("getView" .
   [1 0 0 0 0 0 1])
  ("_view" .
   [1 0 0 0 0])
  ("public" .
   [1 0 0 0 0 0])
  ("Exception" .
   [0 0 0 0 0 0 0 0 1])
  ("new" .
   [1 0 0])
  ("throw" .
   [1 0 0 0 0])
  ("$this" .
   [6 0 0 0 0])
  ("$string" .
   [1 0 0 0 0 0 0])
  ("string" .
   [1 0 0 0 0 0])
  ("implode" .
   [3 0 0 0 0 0 0])
  ("trim" .
   [1 0 0 0])
  ("output" .
   [2 0 0 0 0 1])
  ("file_exists" .
   [0 0 0 0 0 0 0 0 0 0 1])
  ("$dir" .
   [3 0 0 0])
  ("mkdir" .
   [1 0 0 0 0])
  ("chdir" .
   [0 0 0 0 1])
  ("touch" .
   [0 0 0 0 1])
  ("$ar" .
   [1 0 0])
  ("exce" .
   [1 0 0 0])
  ("execute" .
   [0 0 0 0 0 0 1])
  ("exec" .
   [1 0 0 0])
  ("$comm" .
   [2 0 0 0 0])
  ("$command" .
   [3 0 0 0 0 0 0 0])
  ("$output" .
   [2 0 0 0 0 0 0])
  ("$args1" .
   [1 0 0 0 0 0])
  ("$arg" .
   [1 0 0 0])
  ("$arg1" .
   [2 0 0 0 0])
  ("$game_" .
   [1 0 0 0 0 0])
  ("game" .
   [2 0 0 0])
  ("pokelabo" .
   [1 0 0 0 0 0 0 0])
  ("config" .
   [10 0 0 0 0 0])
  ("ConfigRepo" .
   [1 0 0 0 0 0 0 0 0 0])
  ("ConfigRe" .
   [1 0 0 0 0 0 0 0])
  ("ConfigRepository" .
   [2 0 0 0 0 0 0 0 0 0 0 0 0 0 0 0])
  ("onload" .
   [1 0 0 0 0 0])
  ("function" .
   [4 0 0 1 0 0 0 0])
  ("publ" .
   [0 0 0 1])
  ("fun" .
   [1 0 0])
  ("syoukanTest" .
   [1 0 0 0 0 0 0 0 0 0 0])))
